%%% Testes
%% Testes
A = [0 1 0 0 ; -8 0 4 0 ; 0 0 0 1 ; 4 0 -8 0 ];
B = [0 ; 0 ; 0 ; 0];
C = [1 0 1 0];
